Training Femurs Latent Space Projections
================================================================================

L_Femur_11_DECIM.obj.FINAL
  [-0.996025, -0.993063, -0.993865, +0.992092, +0.993415, +0.996092, -0.995739, +0.995885, -0.991602, -0.983190]

L_Femur_13_DECIM.obj.FINAL
  [-0.995528, -0.993032, -0.994739, +0.992477, +0.993135, +0.996079, -0.994575, +0.995037, -0.992224, -0.984161]

L_Femur_14_DECIM.obj.FINAL
  [-0.995528, -0.992836, -0.994363, +0.992659, +0.993088, +0.996081, -0.994519, +0.995131, -0.992471, -0.983854]

L_Femur_15_DECIM.obj.FINAL
  [-0.995772, -0.992861, -0.994016, +0.992232, +0.993105, +0.996022, -0.995192, +0.995470, -0.991869, -0.983750]

L_Femur_16_DECIM.obj.FINAL
  [-0.995293, -0.992485, -0.994556, +0.991884, +0.993411, +0.996140, -0.994926, +0.995214, -0.991934, -0.983743]

L_Femur_19_DECIM.obj.FINAL
  [-0.995547, -0.992905, -0.994372, +0.992562, +0.992803, +0.996003, -0.994326, +0.994937, -0.992493, -0.984488]

L_Femur_20_DECIM.obj.FINAL
  [-0.995780, -0.993036, -0.994601, +0.992536, +0.992549, +0.995903, -0.994586, +0.995065, -0.992123, -0.984076]

L_Femur_21_DECIM.obj.FINAL
  [-0.995614, -0.992785, -0.994206, +0.992247, +0.993275, +0.996124, -0.994974, +0.995280, -0.992156, -0.984166]

L_Femur_23_DECIM.obj.FINAL
  [-0.995794, -0.993085, -0.994530, +0.992075, +0.992691, +0.995999, -0.994825, +0.995163, -0.992097, -0.984770]

R_Femur_01_DECIM.obj.FINAL
  [-0.995230, -0.992881, -0.994988, +0.992254, +0.993430, +0.996188, -0.994515, +0.994869, -0.992235, -0.984265]

R_Femur_02_DECIM.obj.FINAL
  [-0.995456, -0.992419, -0.994696, +0.992711, +0.993229, +0.996192, -0.994469, +0.994948, -0.992405, -0.983818]

R_Femur_03_DECIM.obj.FINAL
  [-0.995476, -0.992896, -0.994587, +0.992508, +0.992872, +0.996034, -0.994402, +0.994846, -0.992318, -0.984362]

R_Femur_04_DECIM.obj.FINAL
  [-0.995550, -0.993322, -0.994407, +0.992067, +0.992821, +0.995895, -0.994658, +0.995098, -0.992014, -0.984605]

R_Femur_05_DECIM.obj.FINAL
  [-0.995672, -0.993224, -0.994404, +0.992396, +0.993446, +0.996101, -0.995096, +0.995335, -0.991754, -0.983704]

R_Femur_06_DECIM.obj.FINAL
  [-0.995584, -0.993106, -0.994590, +0.992228, +0.993369, +0.996120, -0.994929, +0.995213, -0.991935, -0.984045]

R_Femur_07_DECIM.obj.FINAL
  [-0.995194, -0.992265, -0.994613, +0.992608, +0.993167, +0.996133, -0.994259, +0.994777, -0.992439, -0.983874]

R_Femur_08_DECIM.obj.FINAL
  [-0.995566, -0.993038, -0.994269, +0.992900, +0.993516, +0.996205, -0.994640, +0.995159, -0.992495, -0.983608]

R_Femur_09_DECIM.obj.FINAL
  [-0.995264, -0.992971, -0.994902, +0.992267, +0.993528, +0.996194, -0.994658, +0.994981, -0.992096, -0.983957]

R_Femur_10_DECIM.obj.FINAL
  [-0.995281, -0.992153, -0.994574, +0.992406, +0.993182, +0.996095, -0.994674, +0.995121, -0.992173, -0.983024]

R_Femur_12_DECIM.obj.FINAL
  [-0.995531, -0.992563, -0.994377, +0.992621, +0.993170, +0.996144, -0.994605, +0.995081, -0.992392, -0.983868]

R_Femur_17_DECIM.obj.FINAL
  [-0.995768, -0.992881, -0.994494, +0.992968, +0.993063, +0.996087, -0.994683, +0.995172, -0.992284, -0.983268]

R_Femur_18_DECIM.obj.FINAL
  [-0.995617, -0.992997, -0.994439, +0.992508, +0.993146, +0.996060, -0.994795, +0.995267, -0.992132, -0.983592]


================================================================================
STATISTICS
================================================================================

z0: mean=-0.995549, std=0.000205, range=[-0.996025, -0.995194]
z1: mean=-0.992855, std=0.000295, range=[-0.993322, -0.992153]
z2: mean=-0.994481, std=0.000251, range=[-0.994988, -0.993865]
z3: mean=+0.992418, std=0.000269, range=[+0.991884, +0.992968]
z4: mean=+0.993155, std=0.000265, range=[+0.992549, +0.993528]
z5: mean=+0.996086, std=0.000083, range=[+0.995895, +0.996205]
z6: mean=-0.994729, std=0.000320, range=[-0.995739, -0.994259]
z7: mean=+0.995139, std=0.000230, range=[+0.994777, +0.995885]
z8: mean=-0.992165, std=0.000239, range=[-0.992495, -0.991602]
z9: mean=-0.983918, std=0.000431, range=[-0.984770, -0.983024]
