Training Femurs Latent Space Projections
Model: NeuralNetwork_centered_LReLU.bin
================================================================================

L_Femur_11_DECIM.obj.FINAL
  [-0.061976, -0.050489, +14.326159, -0.015602, -0.000121, -0.231157, -0.022929, -0.045045, -0.081066, -0.081752]

L_Femur_13_DECIM.obj.FINAL
  [-0.041695, -0.029106, +8.803491, -0.004130, +10.100607, -0.155057, +1.974951, -0.036227, -0.047332, -0.062660]

L_Femur_14_DECIM.obj.FINAL
  [-0.144015, -0.273691, -0.168673, -0.156128, -0.256919, -0.364739, -0.068523, -0.580271, -0.188615, -0.312252]

L_Femur_15_DECIM.obj.FINAL
  [-0.342246, -0.734856, -0.472817, -0.397784, -0.673413, -0.915255, -0.144283, -1.517105, -0.452106, -0.845414]

L_Femur_16_DECIM.obj.FINAL
  [-0.860893, -1.886394, -1.234885, -1.004568, -1.714441, -2.318395, -0.333613, -3.845877, -1.123870, -2.164887]

L_Femur_19_DECIM.obj.FINAL
  [-0.366227, -0.831797, -0.559913, -0.435669, -0.739952, -1.007337, -0.117178, -1.663730, -0.467492, -0.948060]

L_Femur_20_DECIM.obj.FINAL
  [-0.039878, -0.137907, -0.110990, -0.075992, -0.110544, -0.116898, +0.255798, -0.273409, -0.049268, -0.155607]

L_Femur_21_DECIM.obj.FINAL
  [-0.186103, -0.381993, -0.241666, -0.205645, -0.349010, -0.494844, -0.075426, -0.783488, -0.239217, -0.435881]

L_Femur_23_DECIM.obj.FINAL
  [-0.006736, -0.008470, +3.431946, -0.007221, +0.107394, -0.044059, -0.007627, -0.005810, -0.013258, -0.014563]

R_Femur_01_DECIM.obj.FINAL
  [-0.022004, -0.034554, +3.859045, +0.103925, +16.897108, -0.080100, +7.154778, -0.030183, -0.061256, -0.020341]

R_Femur_02_DECIM.obj.FINAL
  [-0.041294, -0.063898, +0.398756, -0.012332, +17.410395, -0.128704, +11.534284, -0.086306, -0.074926, -0.051867]

R_Femur_03_DECIM.obj.FINAL
  [-0.231326, -0.629110, -0.456342, -0.322880, -0.515755, -0.691094, -0.017113, -1.231565, -0.304232, -0.711959]

R_Femur_04_DECIM.obj.FINAL
  [-0.245320, -0.598416, -0.408746, -0.320640, -0.542854, -0.677711, -0.080534, -1.220996, -0.322052, -0.692543]

R_Femur_05_DECIM.obj.FINAL
  [-0.074839, -0.058182, +13.078122, -0.001902, +22.012669, -0.242742, +7.089967, -0.060504, -0.089988, -0.092470]

R_Femur_06_DECIM.obj.FINAL
  [-0.062864, -0.048887, +14.187268, -0.004529, +14.314786, -0.243271, +1.909743, -0.053654, -0.073422, -0.096804]

R_Femur_07_DECIM.obj.FINAL
  [-0.839155, -1.856071, -1.232253, -0.979829, -1.671560, -2.284993, -0.292050, -3.739944, -1.083438, -2.115710]

R_Femur_08_DECIM.obj.FINAL
  [-0.076352, -0.054860, +16.335224, -0.005090, +16.699158, -0.283979, +2.822942, -0.059919, -0.082569, -0.109928]

R_Femur_09_DECIM.obj.FINAL
  [-0.028863, -0.019913, +5.482478, -0.005335, +8.348927, -0.103952, +2.130215, -0.029221, -0.039462, -0.045546]

R_Femur_10_DECIM.obj.FINAL
  [-1.442908, -3.276490, -2.198065, -1.720752, -2.934770, -3.967748, -0.481039, -6.587490, -1.866515, -3.745112]

R_Femur_12_DECIM.obj.FINAL
  [-0.317143, -0.699726, -0.463802, -0.366484, -0.622740, -0.865152, -0.107528, -1.400596, -0.404980, -0.795454]

R_Femur_17_DECIM.obj.FINAL
  [-0.029572, -0.030196, +6.296767, -0.002296, +12.111075, -0.117866, +3.326971, -0.033445, -0.054483, -0.046634]

R_Femur_18_DECIM.obj.FINAL
  [-0.100879, -0.200280, -0.125733, -0.114888, -0.186804, -0.255245, -0.049087, -0.432132, -0.133265, -0.230070]


================================================================================
STATISTICS
================================================================================

z0: mean=-0.252831, std=0.348930, range=[-1.442908, -0.006736]
z1: mean=-0.541149, std=0.799731, range=[-3.276490, -0.008470]
z2: mean=+3.569335, std=5.828090, range=[-2.198065, +16.335224]
z3: mean=-0.275262, std=0.429041, range=[-1.720752, +0.103925]
z4: mean=+4.894693, std=7.876425, range=[-2.934770, +22.012669]
z5: mean=-0.708650, std=0.944156, range=[-3.967748, -0.044059]
z6: mean=+1.654669, std=3.059609, range=[-0.481039, +11.534284]
z7: mean=-1.078042, std=1.622006, range=[-6.587490, -0.005810]
z8: mean=-0.329673, std=0.450714, range=[-1.866515, -0.013258]
z9: mean=-0.626160, std=0.909764, range=[-3.745112, -0.014563]
