Training Femurs Latent Space Projections
Model: NeuralNetwork_centered_tanh_13000.bin
================================================================================

L_Femur_11_DECIM.obj.FINAL
  [-0.999999, -0.999602, -0.352343, -0.932057, -1.000000, +0.999992, -0.999999, +0.884827, +1.000000, +1.000000]

L_Femur_13_DECIM.obj.FINAL
  [-0.901560, -0.680501, +0.982897, -0.998668, -1.000000, -0.995776, -0.999999, +0.999950, +0.999670, -0.659126]

L_Femur_14_DECIM.obj.FINAL
  [-1.000000, -0.999894, -0.987175, +0.999994, +0.397930, +1.000000, +0.999556, -0.999950, +0.998464, +1.000000]

L_Femur_15_DECIM.obj.FINAL
  [-0.994309, -0.963135, -0.996802, +0.999910, +0.999999, +0.999881, +0.999998, -0.999978, -0.901824, +0.999998]

L_Femur_16_DECIM.obj.FINAL
  [+0.977234, -0.293382, -0.945504, +0.998018, +1.000000, +0.988319, +0.999997, -0.999861, -0.997505, +0.985868]

L_Femur_19_DECIM.obj.FINAL
  [+0.995172, +0.932646, -0.981024, -0.894735, +1.000000, -0.997654, +0.999923, -0.944205, -0.998594, -0.994243]

L_Femur_20_DECIM.obj.FINAL
  [+0.999996, +0.967363, +1.000000, +0.999978, -0.996280, +1.000000, +1.000000, +0.890492, -0.990048, -0.999993]

L_Femur_21_DECIM.obj.FINAL
  [-0.997862, +0.140951, -0.999996, +0.971260, +0.999999, -0.950132, +0.998205, -0.998074, -0.602298, +0.999878]

L_Femur_23_DECIM.obj.FINAL
  [-0.969593, +0.869368, +0.999957, +0.919440, -1.000000, +0.999783, -0.999882, +0.656531, +0.999861, +0.998298]

R_Femur_01_DECIM.obj.FINAL
  [+1.000000, +0.994341, +0.821965, -1.000000, -0.674890, -1.000000, -0.999999, +0.999970, -0.995687, -1.000000]

R_Femur_02_DECIM.obj.FINAL
  [+1.000000, +0.999457, -0.987892, -0.999999, +0.997487, -1.000000, -1.000000, +0.998349, -0.999684, -1.000000]

R_Femur_03_DECIM.obj.FINAL
  [+1.000000, +0.999757, +0.990570, -0.405367, +1.000000, -1.000000, +0.999982, +0.600486, -1.000000, -1.000000]

R_Femur_04_DECIM.obj.FINAL
  [-0.997712, -0.998629, +0.999764, +1.000000, +0.996808, +1.000000, +1.000000, -0.997037, -0.656116, +1.000000]

R_Femur_05_DECIM.obj.FINAL
  [+0.995295, +0.965475, -0.235377, -0.999996, -0.999922, -1.000000, -1.000000, +0.999898, +0.935946, -1.000000]

R_Femur_06_DECIM.obj.FINAL
  [-0.846374, -0.221679, +0.941869, -0.989914, -1.000000, -0.958880, -1.000000, +0.999628, +0.999948, +0.781853]

R_Femur_07_DECIM.obj.FINAL
  [+0.983148, -0.828611, -0.971122, +0.609162, +1.000000, -0.987984, +0.999982, -0.973056, -0.999539, -0.990223]

R_Femur_08_DECIM.obj.FINAL
  [-0.998451, -0.061024, -0.999438, -0.999974, -1.000000, -0.999991, -1.000000, +0.999762, +0.999987, -0.941296]

R_Femur_09_DECIM.obj.FINAL
  [+0.979322, -0.884389, +0.999829, -0.999821, -0.999999, -0.999041, -0.999995, +0.999978, +0.991341, -0.999969]

R_Femur_10_DECIM.obj.FINAL
  [+0.998149, -0.307101, +0.097982, +0.988094, +1.000000, +0.930277, +0.999999, -0.997885, -0.999973, -0.988962]

R_Femur_12_DECIM.obj.FINAL
  [+0.999673, +0.185716, -0.998511, -0.996031, +1.000000, -0.999989, +0.999189, +0.555933, -0.999645, -0.999946]

R_Femur_17_DECIM.obj.FINAL
  [+0.998631, +0.973272, +0.999904, -0.999960, -1.000000, -0.999872, -0.999999, +0.999999, +0.984139, -0.999999]

R_Femur_18_DECIM.obj.FINAL
  [-1.000000, -0.999997, -0.517879, +0.999998, -0.999575, +1.000000, +0.999611, -0.999211, +0.999979, +1.000000]


================================================================================
STATISTICS
================================================================================

z0: mean=+0.100944, std=0.978782, range=[-1.000000, +1.000000]
z1: mean=-0.009527, std=0.813781, range=[-0.999997, +0.999757]
z2: mean=-0.051742, std=0.895616, range=[-0.999996, +1.000000]
z3: mean=-0.078667, std=0.948641, range=[-1.000000, +1.000000]
z4: mean=-0.012656, std=0.967435, range=[-1.000000, +1.000000]
z5: mean=-0.180503, std=0.974859, range=[-1.000000, +1.000000]
z6: mean=+0.090753, std=0.995705, range=[-1.000000, +1.000000]
z7: mean=+0.121661, std=0.933429, range=[-0.999978, +0.999999]
z8: mean=-0.055981, std=0.961111, range=[-1.000000, +1.000000]
z9: mean=-0.173085, std=0.957931, range=[-1.000000, +1.000000]
