Training Femurs Latent Space Projections
Model: NeuralNetwork_centered_tanh_5000.bin
================================================================================

L_Femur_11_DECIM.obj.FINAL
  [-0.999999, -0.999348, -0.145804, -0.931124, -1.000000, +0.999987, -0.999999, +0.924638, +1.000000, +1.000000]

L_Femur_13_DECIM.obj.FINAL
  [-0.607279, -0.495885, +0.977688, -0.998464, -1.000000, -0.998474, -0.999999, +0.999970, +0.999285, -0.690986]

L_Femur_14_DECIM.obj.FINAL
  [-1.000000, -0.999877, -0.985817, +0.999995, +0.363481, +1.000000, +0.999649, -0.999945, +0.997512, +1.000000]

L_Femur_15_DECIM.obj.FINAL
  [-0.998507, -0.970928, -0.997199, +0.999926, +0.999999, +0.999982, +0.999998, -0.999980, -0.903573, +0.999999]

L_Femur_16_DECIM.obj.FINAL
  [+0.922046, -0.356957, -0.972377, +0.996013, +1.000000, +0.994385, +0.999990, -0.999801, -0.997131, +0.973346]

L_Femur_19_DECIM.obj.FINAL
  [+0.992789, +0.841393, -0.996014, -0.954043, +1.000000, -0.998275, +0.999738, -0.920991, -0.997914, -0.990846]

L_Femur_20_DECIM.obj.FINAL
  [+0.999997, +0.985028, +1.000000, +0.999914, -0.996210, +0.999998, +1.000000, +0.977305, -0.994309, -0.999999]

L_Femur_21_DECIM.obj.FINAL
  [-0.999317, -0.017972, -0.999996, +0.974405, +0.999999, -0.631171, +0.997713, -0.998639, -0.613868, +0.999926]

L_Femur_23_DECIM.obj.FINAL
  [-0.933843, +0.877652, +0.999964, +0.889156, -1.000000, +0.999239, -0.999847, +0.824167, +0.999799, +0.994594]

R_Femur_01_DECIM.obj.FINAL
  [+1.000000, +0.995192, +0.769276, -1.000000, -0.722601, -1.000000, -0.999999, +0.999960, -0.993329, -1.000000]

R_Femur_02_DECIM.obj.FINAL
  [+1.000000, +0.999646, -0.981170, -1.000000, +0.997219, -1.000000, -1.000000, +0.997837, -0.999535, -1.000000]

R_Femur_03_DECIM.obj.FINAL
  [+1.000000, +0.999625, +0.973943, -0.464596, +1.000000, -1.000000, +0.999970, +0.472294, -1.000000, -1.000000]

R_Femur_04_DECIM.obj.FINAL
  [-0.998898, -0.999058, +0.999562, +1.000000, +0.998611, +1.000000, +1.000000, -0.997922, -0.838064, +1.000000]

R_Femur_05_DECIM.obj.FINAL
  [+0.998783, +0.974665, -0.183960, -0.999997, -0.999921, -1.000000, -1.000000, +0.999892, +0.913276, -1.000000]

R_Femur_06_DECIM.obj.FINAL
  [-0.635332, -0.084970, +0.970285, -0.987290, -1.000000, -0.968784, -0.999999, +0.999607, +0.999909, +0.390911]

R_Femur_07_DECIM.obj.FINAL
  [+0.956923, -0.805541, -0.983922, +0.546419, +1.000000, -0.965179, +0.999973, -0.979841, -0.999266, -0.966445]

R_Femur_08_DECIM.obj.FINAL
  [-0.997782, -0.041210, -0.998672, -0.999962, -1.000000, -0.999996, -1.000000, +0.999649, +0.999991, -0.864949]

R_Femur_09_DECIM.obj.FINAL
  [+0.993846, -0.524246, +0.999623, -0.999894, -1.000000, -0.999875, -0.999997, +0.999988, +0.982571, -0.999990]

R_Femur_10_DECIM.obj.FINAL
  [+0.996055, -0.222121, -0.051400, +0.987757, +1.000000, +0.980282, +0.999999, -0.998346, -0.999958, -0.969164]

R_Femur_12_DECIM.obj.FINAL
  [+0.999122, +0.248618, -0.999072, -0.996083, +1.000000, -0.999958, +0.998757, +0.093389, -0.999160, -0.999792]

R_Femur_17_DECIM.obj.FINAL
  [+0.999682, +0.964677, +0.999882, -0.999971, -1.000000, -0.999986, -0.999999, +0.999999, +0.984258, -1.000000]

R_Femur_18_DECIM.obj.FINAL
  [-1.000000, -0.999997, -0.593953, +0.999998, -0.999593, +1.000000, +0.999615, -0.998877, +0.999973, +1.000000]


================================================================================
STATISTICS
================================================================================

z0: mean=+0.122195, std=0.954214, range=[-1.000000, +1.000000]
z1: mean=+0.016745, std=0.788224, range=[-0.999997, +0.999646]
z2: mean=-0.054506, std=0.894706, range=[-0.999996, +1.000000]
z3: mean=-0.088084, std=0.948488, range=[-1.000000, +1.000000]
z4: mean=-0.016319, std=0.968399, range=[-1.000000, +1.000000]
z5: mean=-0.163083, std=0.968238, range=[-1.000000, +1.000000]
z6: mean=+0.090707, std=0.995661, range=[-1.000000, +1.000000]
z7: mean=+0.108834, std=0.935407, range=[-0.999980, +0.999999]
z8: mean=-0.066342, std=0.965809, range=[-1.000000, +1.000000]
z9: mean=-0.187427, std=0.938971, range=[-1.000000, +1.000000]
